Status	term	grade	C	D1M	D2M	D3M	D4M	PIF	LIQ
C	36	0.0-1.9	1.0	0.564000	1.0	1.0	1.0	1.503000	1.0
			1.0	0.564000	1.0	1.0	1.0	1.503000	1.0
			1.0	0.564000	1.0	1.0	1.0	1.503000	1.0
			1.0	0.564000	1.0	1.0	1.0	1.503000	1.0
			1.0	0.564000	1.0	1.0	1.0	1.503000	1.0
			1.0	0.564000	1.0	1.0	1.0	1.503000	1.0
			1.0	0.564000	1.0	1.0	1.0	1.503000	1.0
			1.0	0.564000	1.0	1.0	1.0	1.503000	1.0
			1.0	0.564000	1.0	1.0	1.0	1.000000	1.0
			1.0	0.564000	1.0	1.0	1.0	1.000000	1.0
			1.0	0.564000	1.0	1.0	1.0	1.000000	1.0
			1.0	0.564000	1.0	1.0	1.0	1.000000	1.0
			1.0	0.564000	1.0	1.0	1.0	1.000000	1.0
			1.0	0.564000	1.0	1.0	1.0	1.000000	1.0
			1.0	0.564000	1.0	1.0	1.0	1.000000	1.0
			1.0	0.564000	1.0	1.0	1.0	1.000000	1.0
			1.0	0.564000	1.0	1.0	1.0	1.000000	1.0
			1.0	0.564000	1.0	1.0	1.0	1.000000	1.0
			1.0	0.564000	1.0	1.0	1.0	1.000000	1.0
			1.0	0.564000	1.0	1.0	1.0	1.000000	1.0
			1.0	0.564000	1.0	1.0	1.0	1.000000	1.0
			1.0	0.564000	1.0	1.0	1.0	1.000000	1.0
			1.0	0.564000	1.0	1.0	1.0	1.000000	1.0
			1.0	0.564000	1.0	1.0	1.0	1.000000	1.0
			1.0	0.564000	1.0	1.0	1.0	1.000000	1.0
			1.0	0.564000	1.0	1.0	1.0	1.000000	1.0
			1.0	0.564000	1.0	1.0	1.0	1.000000	1.0
			1.0	0.564000	1.0	1.0	1.0	1.000000	1.0
			1.0	0.564000	1.0	1.0	1.0	1.000000	1.0
			1.0	0.564000	1.0	1.0	1.0	1.000000	1.0
			1.0	0.564000	1.0	1.0	1.0	1.000000	1.0
			1.0	0.564000	1.0	1.0	1.0	1.000000	1.0
			1.0	0.564000	1.0	1.0	1.0	1.000000	1.0
			1.0	0.564000	1.0	1.0	1.0	1.000000	1.0
			1.0	0.564000	1.0	1.0	1.0	1.000000	1.0
			1.0	0.564000	1.0	1.0	1.0	1.000000	1.0
			1.0	0.564000	1.0	1.0	1.0	1.000000	1.0
			1.0	0.564000	1.0	1.0	1.0	1.000000	1.0
			1.0	0.564000	1.0	1.0	1.0	1.000000	1.0
			1.0	0.564000	1.0	1.0	1.0	1.000000	1.0
			1.0	0.564000	1.0	1.0	1.0	1.000000	1.0
			1.0	0.564000	1.0	1.0	1.0	1.000000	1.0
			1.0	0.564000	1.0	1.0	1.0	1.000000	1.0
			1.0	0.564000	1.0	1.0	1.0	1.000000	1.0
			1.0	0.564000	1.0	1.0	1.0	1.000000	1.0
			1.0	0.564000	1.0	1.0	1.0	1.000000	1.0
			1.0	0.564000	1.0	1.0	1.0	1.000000	1.0
			1.0	0.564000	1.0	1.0	1.0	1.000000	1.0
			1.0	0.564000	1.0	1.0	1.0	1.000000	1.0
			1.0	0.564000	1.0	1.0	1.0	1.000000	1.0
			1.0	0.564000	1.0	1.0	1.0	1.000000	1.0
			1.0	0.564000	1.0	1.0	1.0	1.000000	1.0
			1.0	0.564000	1.0	1.0	1.0	1.000000	1.0
			1.0	0.564000	1.0	1.0	1.0	1.000000	1.0
			1.0	0.564000	1.0	1.0	1.0	1.000000	1.0
			1.0	0.564000	1.0	1.0	1.0	1.000000	1.0
			1.0	0.564000	1.0	1.0	1.0	1.000000	1.0
			1.0	0.564000	1.0	1.0	1.0	1.000000	1.0
			1.0	0.564000	1.0	1.0	1.0	1.000000	1.0
			1.0	0.564000	1.0	1.0	1.0	1.000000	1.0
			1.0	0.564000	1.0	1.0	1.0	1.000000	1.0
			1.0	0.564000	1.0	1.0	1.0	1.000000	1.0
			1.0	0.564000	1.0	1.0	1.0	1.000000	1.0
			1.0	0.564000	1.0	1.0	1.0	1.000000	1.0
			1.0	0.564000	1.0	1.0	1.0	1.000000	1.0
			1.0	0.564000	1.0	1.0	1.0	1.000000	1.0
			1.0	0.564000	1.0	1.0	1.0	1.000000	1.0
			1.0	0.564000	1.0	1.0	1.0	1.000000	1.0
			1.0	0.564000	1.0	1.0	1.0	1.000000	1.0
			1.0	0.564000	1.0	1.0	1.0	1.000000	1.0
			1.0	0.564000	1.0	1.0	1.0	1.000000	1.0
			1.0	0.564000	1.0	1.0	1.0	1.000000	1.0
			1.0	0.564000	1.0	1.0	1.0	1.000000	1.0
			1.0	0.564000	1.0	1.0	1.0	1.000000	1.0
			1.0	0.564000	1.0	1.0	1.0	1.000000	1.0
			1.0	0.564000	1.0	1.0	1.0	1.000000	1.0
			1.0	0.564000	1.0	1.0	1.0	1.000000	1.0
			1.0	0.564000	1.0	1.0	1.0	1.000000	1.0
			1.0	0.564000	1.0	1.0	1.0	1.000000	1.0
			1.0	0.564000	1.0	1.0	1.0	1.000000	1.0
			1.0	0.564000	1.0	1.0	1.0	1.000000	1.0
			1.0	0.564000	1.0	1.0	1.0	1.000000	1.0
			1.0	0.564000	1.0	1.0	1.0	1.000000	1.0
			1.0	0.564000	1.0	1.0	1.0	1.000000	1.0
C	36	2.0-3.9	1.0	1.000000	1.0	1.0	1.0	1.908000	1.0
			1.0	1.000000	1.0	1.0	1.0	1.908000	1.0
			1.0	1.000000	1.0	1.0	1.0	1.908000	1.0
			1.0	1.000000	1.0	1.0	1.0	1.908000	1.0
			1.0	1.000000	1.0	1.0	1.0	1.908000	1.0
			1.0	1.000000	1.0	1.0	1.0	1.908000	1.0
			1.0	1.000000	1.0	1.0	1.0	1.908000	1.0
			1.0	1.000000	1.0	1.0	1.0	1.908000	1.0
			1.0	1.000000	1.0	1.0	1.0	1.000000	1.0
			1.0	1.000000	1.0	1.0	1.0	1.000000	1.0
			1.0	1.000000	1.0	1.0	1.0	1.000000	1.0
			1.0	1.000000	1.0	1.0	1.0	1.000000	1.0
			1.0	1.000000	1.0	1.0	1.0	1.000000	1.0
			1.0	1.000000	1.0	1.0	1.0	1.000000	1.0
			1.0	1.000000	1.0	1.0	1.0	1.000000	1.0
			1.0	1.000000	1.0	1.0	1.0	1.000000	1.0
			1.0	1.000000	1.0	1.0	1.0	1.000000	1.0
			1.0	1.000000	1.0	1.0	1.0	1.000000	1.0
			1.0	1.000000	1.0	1.0	1.0	1.000000	1.0
			1.0	1.000000	1.0	1.0	1.0	1.000000	1.0
			1.0	1.000000	1.0	1.0	1.0	1.000000	1.0
			1.0	1.000000	1.0	1.0	1.0	1.000000	1.0
			1.0	1.000000	1.0	1.0	1.0	1.000000	1.0
			1.0	1.000000	1.0	1.0	1.0	1.000000	1.0
			1.0	1.000000	1.0	1.0	1.0	1.000000	1.0
			1.0	1.000000	1.0	1.0	1.0	1.000000	1.0
			1.0	1.000000	1.0	1.0	1.0	1.000000	1.0
			1.0	1.000000	1.0	1.0	1.0	1.000000	1.0
			1.0	1.000000	1.0	1.0	1.0	1.000000	1.0
			1.0	1.000000	1.0	1.0	1.0	1.000000	1.0
			1.0	1.000000	1.0	1.0	1.0	1.000000	1.0
			1.0	1.000000	1.0	1.0	1.0	1.000000	1.0
			1.0	1.000000	1.0	1.0	1.0	1.000000	1.0
			1.0	1.000000	1.0	1.0	1.0	1.000000	1.0
			1.0	1.000000	1.0	1.0	1.0	1.000000	1.0
			1.0	1.000000	1.0	1.0	1.0	1.000000	1.0
			1.0	1.000000	1.0	1.0	1.0	1.000000	1.0
			1.0	1.000000	1.0	1.0	1.0	1.000000	1.0
			1.0	1.000000	1.0	1.0	1.0	1.000000	1.0
			1.0	1.000000	1.0	1.0	1.0	1.000000	1.0
			1.0	1.000000	1.0	1.0	1.0	1.000000	1.0
			1.0	1.000000	1.0	1.0	1.0	1.000000	1.0
			1.0	1.000000	1.0	1.0	1.0	1.000000	1.0
			1.0	1.000000	1.0	1.0	1.0	1.000000	1.0
			1.0	1.000000	1.0	1.0	1.0	1.000000	1.0
			1.0	1.000000	1.0	1.0	1.0	1.000000	1.0
			1.0	1.000000	1.0	1.0	1.0	1.000000	1.0
			1.0	1.000000	1.0	1.0	1.0	1.000000	1.0
			1.0	1.000000	1.0	1.0	1.0	1.000000	1.0
			1.0	1.000000	1.0	1.0	1.0	1.000000	1.0
			1.0	1.000000	1.0	1.0	1.0	1.000000	1.0
			1.0	1.000000	1.0	1.0	1.0	1.000000	1.0
			1.0	1.000000	1.0	1.0	1.0	1.000000	1.0
			1.0	1.000000	1.0	1.0	1.0	1.000000	1.0
			1.0	1.000000	1.0	1.0	1.0	1.000000	1.0
			1.0	1.000000	1.0	1.0	1.0	1.000000	1.0
			1.0	1.000000	1.0	1.0	1.0	1.000000	1.0
			1.0	1.000000	1.0	1.0	1.0	1.000000	1.0
			1.0	1.000000	1.0	1.0	1.0	1.000000	1.0
			1.0	1.000000	1.0	1.0	1.0	1.000000	1.0
			1.0	1.000000	1.0	1.0	1.0	1.000000	1.0
			1.0	1.000000	1.0	1.0	1.0	1.000000	1.0
			1.0	1.000000	1.0	1.0	1.0	1.000000	1.0
			1.0	1.000000	1.0	1.0	1.0	1.000000	1.0
			1.0	1.000000	1.0	1.0	1.0	1.000000	1.0
			1.0	1.000000	1.0	1.0	1.0	1.000000	1.0
			1.0	1.000000	1.0	1.0	1.0	1.000000	1.0
			1.0	1.000000	1.0	1.0	1.0	1.000000	1.0
			1.0	1.000000	1.0	1.0	1.0	1.000000	1.0
			1.0	1.000000	1.0	1.0	1.0	1.000000	1.0
			1.0	1.000000	1.0	1.0	1.0	1.000000	1.0
			1.0	1.000000	1.0	1.0	1.0	1.000000	1.0
			1.0	1.000000	1.0	1.0	1.0	1.000000	1.0
			1.0	1.000000	1.0	1.0	1.0	1.000000	1.0
			1.0	1.000000	1.0	1.0	1.0	1.000000	1.0
			1.0	1.000000	1.0	1.0	1.0	1.000000	1.0
			1.0	1.000000	1.0	1.0	1.0	1.000000	1.0
			1.0	1.000000	1.0	1.0	1.0	1.000000	1.0
			1.0	1.000000	1.0	1.0	1.0	1.000000	1.0
			1.0	1.000000	1.0	1.0	1.0	1.000000	1.0
			1.0	1.000000	1.0	1.0	1.0	1.000000	1.0
			1.0	1.000000	1.0	1.0	1.0	1.000000	1.0
			1.0	1.000000	1.0	1.0	1.0	1.000000	1.0
			1.0	1.000000	1.0	1.0	1.0	1.000000	1.0
C	36	4.0-6.9	1.0	2.542000	1.0	1.0	1.0	1.770000	1.0
			1.0	3.641000	1.0	1.0	1.0	1.770000	1.0
			1.0	1.451000	1.0	1.0	1.0	1.770000	1.0
			1.0	1.891000	1.0	1.0	1.0	1.770000	1.0
			1.0	1.000000	1.0	1.0	1.0	1.770000	1.0
			1.0	1.000000	1.0	1.0	1.0	1.770000	1.0
			1.0	1.000000	1.0	1.0	1.0	1.770000	1.0
			1.0	1.000000	1.0	1.0	1.0	1.770000	1.0
			1.0	1.000000	1.0	1.0	1.0	1.000000	1.0
			1.0	1.000000	1.0	1.0	1.0	1.000000	1.0
			1.0	1.000000	1.0	1.0	1.0	1.000000	1.0
			1.0	1.000000	1.0	1.0	1.0	1.000000	1.0
			1.0	1.000000	1.0	1.0	1.0	1.000000	1.0
			1.0	1.000000	1.0	1.0	1.0	1.000000	1.0
			1.0	1.000000	1.0	1.0	1.0	1.000000	1.0
			1.0	1.000000	1.0	1.0	1.0	1.000000	1.0
			1.0	1.000000	1.0	1.0	1.0	1.000000	1.0
			1.0	1.000000	1.0	1.0	1.0	1.000000	1.0
			1.0	1.000000	1.0	1.0	1.0	1.000000	1.0
			1.0	1.000000	1.0	1.0	1.0	1.000000	1.0
			1.0	1.000000	1.0	1.0	1.0	1.000000	1.0
			1.0	1.000000	1.0	1.0	1.0	1.000000	1.0
			1.0	1.000000	1.0	1.0	1.0	1.000000	1.0
			1.0	1.000000	1.0	1.0	1.0	1.000000	1.0
			1.0	1.000000	1.0	1.0	1.0	1.000000	1.0
			1.0	1.000000	1.0	1.0	1.0	1.000000	1.0
			1.0	1.000000	1.0	1.0	1.0	1.000000	1.0
			1.0	1.000000	1.0	1.0	1.0	1.000000	1.0
			1.0	1.000000	1.0	1.0	1.0	1.000000	1.0
			1.0	1.000000	1.0	1.0	1.0	1.000000	1.0
			1.0	1.000000	1.0	1.0	1.0	1.000000	1.0
			1.0	1.000000	1.0	1.0	1.0	1.000000	1.0
			1.0	1.000000	1.0	1.0	1.0	1.000000	1.0
			1.0	1.000000	1.0	1.0	1.0	1.000000	1.0
			1.0	1.000000	1.0	1.0	1.0	1.000000	1.0
			1.0	1.000000	1.0	1.0	1.0	1.000000	1.0
			1.0	1.000000	1.0	1.0	1.0	1.000000	1.0
			1.0	1.000000	1.0	1.0	1.0	1.000000	1.0
			1.0	1.000000	1.0	1.0	1.0	1.000000	1.0
			1.0	1.000000	1.0	1.0	1.0	1.000000	1.0
			1.0	1.000000	1.0	1.0	1.0	1.000000	1.0
			1.0	1.000000	1.0	1.0	1.0	1.000000	1.0
			1.0	1.000000	1.0	1.0	1.0	1.000000	1.0
			1.0	1.000000	1.0	1.0	1.0	1.000000	1.0
			1.0	1.000000	1.0	1.0	1.0	1.000000	1.0
			1.0	1.000000	1.0	1.0	1.0	1.000000	1.0
			1.0	1.000000	1.0	1.0	1.0	1.000000	1.0
			1.0	1.000000	1.0	1.0	1.0	1.000000	1.0
			1.0	1.000000	1.0	1.0	1.0	1.000000	1.0
			1.0	1.000000	1.0	1.0	1.0	1.000000	1.0
			1.0	1.000000	1.0	1.0	1.0	1.000000	1.0
			1.0	1.000000	1.0	1.0	1.0	1.000000	1.0
			1.0	1.000000	1.0	1.0	1.0	1.000000	1.0
			1.0	1.000000	1.0	1.0	1.0	1.000000	1.0
			1.0	1.000000	1.0	1.0	1.0	1.000000	1.0
			1.0	1.000000	1.0	1.0	1.0	1.000000	1.0
			1.0	1.000000	1.0	1.0	1.0	1.000000	1.0
			1.0	1.000000	1.0	1.0	1.0	1.000000	1.0
			1.0	1.000000	1.0	1.0	1.0	1.000000	1.0
			1.0	1.000000	1.0	1.0	1.0	1.000000	1.0
			1.0	1.000000	1.0	1.0	1.0	1.000000	1.0
			1.0	1.000000	1.0	1.0	1.0	1.000000	1.0
			1.0	1.000000	1.0	1.0	1.0	1.000000	1.0
			1.0	1.000000	1.0	1.0	1.0	1.000000	1.0
			1.0	1.000000	1.0	1.0	1.0	1.000000	1.0
			1.0	1.000000	1.0	1.0	1.0	1.000000	1.0
			1.0	1.000000	1.0	1.0	1.0	1.000000	1.0
			1.0	1.000000	1.0	1.0	1.0	1.000000	1.0
			1.0	1.000000	1.0	1.0	1.0	1.000000	1.0
			1.0	1.000000	1.0	1.0	1.0	1.000000	1.0
			1.0	1.000000	1.0	1.0	1.0	1.000000	1.0
			1.0	1.000000	1.0	1.0	1.0	1.000000	1.0
			1.0	1.000000	1.0	1.0	1.0	1.000000	1.0
			1.0	1.000000	1.0	1.0	1.0	1.000000	1.0
			1.0	1.000000	1.0	1.0	1.0	1.000000	1.0
			1.0	1.000000	1.0	1.0	1.0	1.000000	1.0
			1.0	1.000000	1.0	1.0	1.0	1.000000	1.0
			1.0	1.000000	1.0	1.0	1.0	1.000000	1.0
			1.0	1.000000	1.0	1.0	1.0	1.000000	1.0
			1.0	1.000000	1.0	1.0	1.0	1.000000	1.0
			1.0	1.000000	1.0	1.0	1.0	1.000000	1.0
			1.0	1.000000	1.0	1.0	1.0	1.000000	1.0
			1.0	1.000000	1.0	1.0	1.0	1.000000	1.0
			1.0	1.000000	1.0	1.0	1.0	1.000000	1.0
C	36	7.0-9.0	1.0	6.406000	1.0	1.0	1.0	1.637000	1.0
			1.0	2.995000	1.0	1.0	1.0	1.637000	1.0
			1.0	1.663000	1.0	1.0	1.0	1.637000	1.0
			1.0	1.300000	1.0	1.0	1.0	1.637000	1.0
			1.0	1.000000	1.0	1.0	1.0	1.637000	1.0
			1.0	1.000000	1.0	1.0	1.0	1.637000	1.0
			1.0	1.000000	1.0	1.0	1.0	1.637000	1.0
			1.0	1.000000	1.0	1.0	1.0	1.637000	1.0
			1.0	1.000000	1.0	1.0	1.0	1.000000	1.0
			1.0	1.000000	1.0	1.0	1.0	1.000000	1.0
			1.0	1.000000	1.0	1.0	1.0	1.000000	1.0
			1.0	1.000000	1.0	1.0	1.0	1.000000	1.0
			1.0	1.000000	1.0	1.0	1.0	1.000000	1.0
			1.0	1.000000	1.0	1.0	1.0	1.000000	1.0
			1.0	1.000000	1.0	1.0	1.0	1.000000	1.0
			1.0	1.000000	1.0	1.0	1.0	1.000000	1.0
			1.0	1.000000	1.0	1.0	1.0	1.000000	1.0
			1.0	1.000000	1.0	1.0	1.0	1.000000	1.0
			1.0	1.000000	1.0	1.0	1.0	1.000000	1.0
			1.0	1.000000	1.0	1.0	1.0	1.000000	1.0
			1.0	1.000000	1.0	1.0	1.0	1.000000	1.0
			1.0	1.000000	1.0	1.0	1.0	1.000000	1.0
			1.0	1.000000	1.0	1.0	1.0	1.000000	1.0
			1.0	1.000000	1.0	1.0	1.0	1.000000	1.0
			1.0	1.000000	1.0	1.0	1.0	1.000000	1.0
			1.0	1.000000	1.0	1.0	1.0	1.000000	1.0
			1.0	1.000000	1.0	1.0	1.0	1.000000	1.0
			1.0	1.000000	1.0	1.0	1.0	1.000000	1.0
			1.0	1.000000	1.0	1.0	1.0	1.000000	1.0
			1.0	1.000000	1.0	1.0	1.0	1.000000	1.0
			1.0	1.000000	1.0	1.0	1.0	1.000000	1.0
			1.0	1.000000	1.0	1.0	1.0	1.000000	1.0
			1.0	1.000000	1.0	1.0	1.0	1.000000	1.0
			1.0	1.000000	1.0	1.0	1.0	1.000000	1.0
			1.0	1.000000	1.0	1.0	1.0	1.000000	1.0
			1.0	1.000000	1.0	1.0	1.0	1.000000	1.0
			1.0	1.000000	1.0	1.0	1.0	1.000000	1.0
			1.0	1.000000	1.0	1.0	1.0	1.000000	1.0
			1.0	1.000000	1.0	1.0	1.0	1.000000	1.0
			1.0	1.000000	1.0	1.0	1.0	1.000000	1.0
			1.0	1.000000	1.0	1.0	1.0	1.000000	1.0
			1.0	1.000000	1.0	1.0	1.0	1.000000	1.0
			1.0	1.000000	1.0	1.0	1.0	1.000000	1.0
			1.0	1.000000	1.0	1.0	1.0	1.000000	1.0
			1.0	1.000000	1.0	1.0	1.0	1.000000	1.0
			1.0	1.000000	1.0	1.0	1.0	1.000000	1.0
			1.0	1.000000	1.0	1.0	1.0	1.000000	1.0
			1.0	1.000000	1.0	1.0	1.0	1.000000	1.0
			1.0	1.000000	1.0	1.0	1.0	1.000000	1.0
			1.0	1.000000	1.0	1.0	1.0	1.000000	1.0
			1.0	1.000000	1.0	1.0	1.0	1.000000	1.0
			1.0	1.000000	1.0	1.0	1.0	1.000000	1.0
			1.0	1.000000	1.0	1.0	1.0	1.000000	1.0
			1.0	1.000000	1.0	1.0	1.0	1.000000	1.0
			1.0	1.000000	1.0	1.0	1.0	1.000000	1.0
			1.0	1.000000	1.0	1.0	1.0	1.000000	1.0
			1.0	1.000000	1.0	1.0	1.0	1.000000	1.0
			1.0	1.000000	1.0	1.0	1.0	1.000000	1.0
			1.0	1.000000	1.0	1.0	1.0	1.000000	1.0
			1.0	1.000000	1.0	1.0	1.0	1.000000	1.0
			1.0	1.000000	1.0	1.0	1.0	1.000000	1.0
			1.0	1.000000	1.0	1.0	1.0	1.000000	1.0
			1.0	1.000000	1.0	1.0	1.0	1.000000	1.0
			1.0	1.000000	1.0	1.0	1.0	1.000000	1.0
			1.0	1.000000	1.0	1.0	1.0	1.000000	1.0
			1.0	1.000000	1.0	1.0	1.0	1.000000	1.0
			1.0	1.000000	1.0	1.0	1.0	1.000000	1.0
			1.0	1.000000	1.0	1.0	1.0	1.000000	1.0
			1.0	1.000000	1.0	1.0	1.0	1.000000	1.0
			1.0	1.000000	1.0	1.0	1.0	1.000000	1.0
			1.0	1.000000	1.0	1.0	1.0	1.000000	1.0
			1.0	1.000000	1.0	1.0	1.0	1.000000	1.0
			1.0	1.000000	1.0	1.0	1.0	1.000000	1.0
			1.0	1.000000	1.0	1.0	1.0	1.000000	1.0
			1.0	1.000000	1.0	1.0	1.0	1.000000	1.0
			1.0	1.000000	1.0	1.0	1.0	1.000000	1.0
			1.0	1.000000	1.0	1.0	1.0	1.000000	1.0
			1.0	1.000000	1.0	1.0	1.0	1.000000	1.0
			1.0	1.000000	1.0	1.0	1.0	1.000000	1.0
			1.0	1.000000	1.0	1.0	1.0	1.000000	1.0
			1.0	1.000000	1.0	1.0	1.0	1.000000	1.0
			1.0	1.000000	1.0	1.0	1.0	1.000000	1.0
			1.0	1.000000	1.0	1.0	1.0	1.000000	1.0
			1.0	1.000000	1.0	1.0	1.0	1.000000	1.0
C	60	0.0-1.9	1.0	0.557000	1.0	1.0	1.0	1.581000	1.0
			1.0	0.557000	1.0	1.0	1.0	1.581000	1.0
			1.0	0.557000	1.0	1.0	1.0	1.581000	1.0
			1.0	0.557000	1.0	1.0	1.0	1.581000	1.0
			1.0	0.557000	1.0	1.0	1.0	1.581000	1.0
			1.0	0.557000	1.0	1.0	1.0	1.581000	1.0
			1.0	0.557000	1.0	1.0	1.0	1.581000	1.0
			1.0	0.557000	1.0	1.0	1.0	1.581000	1.0
			1.0	0.557000	1.0	1.0	1.0	1.581000	1.0
			1.0	0.557000	1.0	1.0	1.0	1.581000	1.0
			1.0	0.557000	1.0	1.0	1.0	1.581000	1.0
			1.0	0.557000	1.0	1.0	1.0	1.581000	1.0
			1.0	0.557000	1.0	1.0	1.0	1.581000	1.0
			1.0	0.557000	1.0	1.0	1.0	1.581000	1.0
			1.0	0.557000	1.0	1.0	1.0	1.581000	1.0
			1.0	0.557000	1.0	1.0	1.0	1.581000	1.0
			1.0	0.557000	1.0	1.0	1.0	1.581000	1.0
			1.0	0.557000	1.0	1.0	1.0	1.581000	1.0
			1.0	0.557000	1.0	1.0	1.0	1.581000	1.0
			1.0	0.557000	1.0	1.0	1.0	1.581000	1.0
			1.0	0.557000	1.0	1.0	1.0	1.000000	1.0
			1.0	0.557000	1.0	1.0	1.0	1.000000	1.0
			1.0	0.557000	1.0	1.0	1.0	1.000000	1.0
			1.0	0.557000	1.0	1.0	1.0	1.000000	1.0
			1.0	0.557000	1.0	1.0	1.0	1.000000	1.0
			1.0	0.557000	1.0	1.0	1.0	1.000000	1.0
			1.0	0.557000	1.0	1.0	1.0	1.000000	1.0
			1.0	0.557000	1.0	1.0	1.0	1.000000	1.0
			1.0	0.557000	1.0	1.0	1.0	1.000000	1.0
			1.0	0.557000	1.0	1.0	1.0	1.000000	1.0
			1.0	0.557000	1.0	1.0	1.0	1.000000	1.0
			1.0	0.557000	1.0	1.0	1.0	1.000000	1.0
			1.0	0.557000	1.0	1.0	1.0	1.000000	1.0
			1.0	0.557000	1.0	1.0	1.0	1.000000	1.0
			1.0	0.557000	1.0	1.0	1.0	1.000000	1.0
			1.0	0.557000	1.0	1.0	1.0	1.000000	1.0
			1.0	0.557000	1.0	1.0	1.0	1.000000	1.0
			1.0	0.557000	1.0	1.0	1.0	1.000000	1.0
			1.0	0.557000	1.0	1.0	1.0	1.000000	1.0
			1.0	0.557000	1.0	1.0	1.0	1.000000	1.0
			1.0	0.557000	1.0	1.0	1.0	1.000000	1.0
			1.0	0.557000	1.0	1.0	1.0	1.000000	1.0
			1.0	0.557000	1.0	1.0	1.0	1.000000	1.0
			1.0	0.557000	1.0	1.0	1.0	1.000000	1.0
			1.0	0.557000	1.0	1.0	1.0	1.000000	1.0
			1.0	0.557000	1.0	1.0	1.0	1.000000	1.0
			1.0	0.557000	1.0	1.0	1.0	1.000000	1.0
			1.0	0.557000	1.0	1.0	1.0	1.000000	1.0
			1.0	0.557000	1.0	1.0	1.0	1.000000	1.0
			1.0	0.557000	1.0	1.0	1.0	1.000000	1.0
			1.0	0.557000	1.0	1.0	1.0	1.000000	1.0
			1.0	0.557000	1.0	1.0	1.0	1.000000	1.0
			1.0	0.557000	1.0	1.0	1.0	1.000000	1.0
			1.0	0.557000	1.0	1.0	1.0	1.000000	1.0
			1.0	0.557000	1.0	1.0	1.0	1.000000	1.0
			1.0	0.557000	1.0	1.0	1.0	1.000000	1.0
			1.0	0.557000	1.0	1.0	1.0	1.000000	1.0
			1.0	0.557000	1.0	1.0	1.0	1.000000	1.0
			1.0	0.557000	1.0	1.0	1.0	1.000000	1.0
			1.0	0.557000	1.0	1.0	1.0	1.000000	1.0
			1.0	0.557000	1.0	1.0	1.0	1.000000	1.0
			1.0	0.557000	1.0	1.0	1.0	1.000000	1.0
			1.0	0.557000	1.0	1.0	1.0	1.000000	1.0
			1.0	0.557000	1.0	1.0	1.0	1.000000	1.0
			1.0	0.557000	1.0	1.0	1.0	1.000000	1.0
			1.0	0.557000	1.0	1.0	1.0	1.000000	1.0
			1.0	0.557000	1.0	1.0	1.0	1.000000	1.0
			1.0	0.557000	1.0	1.0	1.0	1.000000	1.0
			1.0	0.557000	1.0	1.0	1.0	1.000000	1.0
			1.0	0.557000	1.0	1.0	1.0	1.000000	1.0
			1.0	0.557000	1.0	1.0	1.0	1.000000	1.0
			1.0	0.557000	1.0	1.0	1.0	1.000000	1.0
			1.0	0.557000	1.0	1.0	1.0	1.000000	1.0
			1.0	0.557000	1.0	1.0	1.0	1.000000	1.0
			1.0	0.557000	1.0	1.0	1.0	1.000000	1.0
			1.0	0.557000	1.0	1.0	1.0	1.000000	1.0
			1.0	0.557000	1.0	1.0	1.0	1.000000	1.0
			1.0	0.557000	1.0	1.0	1.0	1.000000	1.0
			1.0	0.557000	1.0	1.0	1.0	1.000000	1.0
			1.0	0.557000	1.0	1.0	1.0	1.000000	1.0
			1.0	0.557000	1.0	1.0	1.0	1.000000	1.0
			1.0	0.557000	1.0	1.0	1.0	1.000000	1.0
			1.0	0.557000	1.0	1.0	1.0	1.000000	1.0
			1.0	0.557000	1.0	1.0	1.0	1.000000	1.0
C	60	2.0-3.9	1.0	1.000000	1.0	1.0	1.0	1.648000	1.0
			1.0	1.000000	1.0	1.0	1.0	1.648000	1.0
			1.0	1.000000	1.0	1.0	1.0	1.648000	1.0
			1.0	1.000000	1.0	1.0	1.0	1.648000	1.0
			1.0	1.000000	1.0	1.0	1.0	1.648000	1.0
			1.0	1.000000	1.0	1.0	1.0	1.648000	1.0
			1.0	1.000000	1.0	1.0	1.0	1.648000	1.0
			1.0	1.000000	1.0	1.0	1.0	1.648000	1.0
			1.0	1.000000	1.0	1.0	1.0	1.648000	1.0
			1.0	1.000000	1.0	1.0	1.0	1.648000	1.0
			1.0	1.000000	1.0	1.0	1.0	1.648000	1.0
			1.0	1.000000	1.0	1.0	1.0	1.648000	1.0
			1.0	1.000000	1.0	1.0	1.0	1.648000	1.0
			1.0	1.000000	1.0	1.0	1.0	1.648000	1.0
			1.0	1.000000	1.0	1.0	1.0	1.648000	1.0
			1.0	1.000000	1.0	1.0	1.0	1.648000	1.0
			1.0	1.000000	1.0	1.0	1.0	1.648000	1.0
			1.0	1.000000	1.0	1.0	1.0	1.648000	1.0
			1.0	1.000000	1.0	1.0	1.0	1.648000	1.0
			1.0	1.000000	1.0	1.0	1.0	1.648000	1.0
			1.0	1.000000	1.0	1.0	1.0	1.000000	1.0
			1.0	1.000000	1.0	1.0	1.0	1.000000	1.0
			1.0	1.000000	1.0	1.0	1.0	1.000000	1.0
			1.0	1.000000	1.0	1.0	1.0	1.000000	1.0
			1.0	1.000000	1.0	1.0	1.0	1.000000	1.0
			1.0	1.000000	1.0	1.0	1.0	1.000000	1.0
			1.0	1.000000	1.0	1.0	1.0	1.000000	1.0
			1.0	1.000000	1.0	1.0	1.0	1.000000	1.0
			1.0	1.000000	1.0	1.0	1.0	1.000000	1.0
			1.0	1.000000	1.0	1.0	1.0	1.000000	1.0
			1.0	1.000000	1.0	1.0	1.0	1.000000	1.0
			1.0	1.000000	1.0	1.0	1.0	1.000000	1.0
			1.0	1.000000	1.0	1.0	1.0	1.000000	1.0
			1.0	1.000000	1.0	1.0	1.0	1.000000	1.0
			1.0	1.000000	1.0	1.0	1.0	1.000000	1.0
			1.0	1.000000	1.0	1.0	1.0	1.000000	1.0
			1.0	1.000000	1.0	1.0	1.0	1.000000	1.0
			1.0	1.000000	1.0	1.0	1.0	1.000000	1.0
			1.0	1.000000	1.0	1.0	1.0	1.000000	1.0
			1.0	1.000000	1.0	1.0	1.0	1.000000	1.0
			1.0	1.000000	1.0	1.0	1.0	1.000000	1.0
			1.0	1.000000	1.0	1.0	1.0	1.000000	1.0
			1.0	1.000000	1.0	1.0	1.0	1.000000	1.0
			1.0	1.000000	1.0	1.0	1.0	1.000000	1.0
			1.0	1.000000	1.0	1.0	1.0	1.000000	1.0
			1.0	1.000000	1.0	1.0	1.0	1.000000	1.0
			1.0	1.000000	1.0	1.0	1.0	1.000000	1.0
			1.0	1.000000	1.0	1.0	1.0	1.000000	1.0
			1.0	1.000000	1.0	1.0	1.0	1.000000	1.0
			1.0	1.000000	1.0	1.0	1.0	1.000000	1.0
			1.0	1.000000	1.0	1.0	1.0	1.000000	1.0
			1.0	1.000000	1.0	1.0	1.0	1.000000	1.0
			1.0	1.000000	1.0	1.0	1.0	1.000000	1.0
			1.0	1.000000	1.0	1.0	1.0	1.000000	1.0
			1.0	1.000000	1.0	1.0	1.0	1.000000	1.0
			1.0	1.000000	1.0	1.0	1.0	1.000000	1.0
			1.0	1.000000	1.0	1.0	1.0	1.000000	1.0
			1.0	1.000000	1.0	1.0	1.0	1.000000	1.0
			1.0	1.000000	1.0	1.0	1.0	1.000000	1.0
			1.0	1.000000	1.0	1.0	1.0	1.000000	1.0
			1.0	1.000000	1.0	1.0	1.0	1.000000	1.0
			1.0	1.000000	1.0	1.0	1.0	1.000000	1.0
			1.0	1.000000	1.0	1.0	1.0	1.000000	1.0
			1.0	1.000000	1.0	1.0	1.0	1.000000	1.0
			1.0	1.000000	1.0	1.0	1.0	1.000000	1.0
			1.0	1.000000	1.0	1.0	1.0	1.000000	1.0
			1.0	1.000000	1.0	1.0	1.0	1.000000	1.0
			1.0	1.000000	1.0	1.0	1.0	1.000000	1.0
			1.0	1.000000	1.0	1.0	1.0	1.000000	1.0
			1.0	1.000000	1.0	1.0	1.0	1.000000	1.0
			1.0	1.000000	1.0	1.0	1.0	1.000000	1.0
			1.0	1.000000	1.0	1.0	1.0	1.000000	1.0
			1.0	1.000000	1.0	1.0	1.0	1.000000	1.0
			1.0	1.000000	1.0	1.0	1.0	1.000000	1.0
			1.0	1.000000	1.0	1.0	1.0	1.000000	1.0
			1.0	1.000000	1.0	1.0	1.0	1.000000	1.0
			1.0	1.000000	1.0	1.0	1.0	1.000000	1.0
			1.0	1.000000	1.0	1.0	1.0	1.000000	1.0
			1.0	1.000000	1.0	1.0	1.0	1.000000	1.0
			1.0	1.000000	1.0	1.0	1.0	1.000000	1.0
			1.0	1.000000	1.0	1.0	1.0	1.000000	1.0
			1.0	1.000000	1.0	1.0	1.0	1.000000	1.0
			1.0	1.000000	1.0	1.0	1.0	1.000000	1.0
			1.0	1.000000	1.0	1.0	1.0	1.000000	1.0
C	60	4.0-6.9	1.0	6.570000	1.0	1.0	1.0	1.614000	1.0
			1.0	2.765000	1.0	1.0	1.0	1.614000	1.0
			1.0	1.667000	1.0	1.0	1.0	1.614000	1.0
			1.0	1.660000	1.0	1.0	1.0	1.614000	1.0
			1.0	1.000000	1.0	1.0	1.0	1.614000	1.0
			1.0	1.000000	1.0	1.0	1.0	1.614000	1.0
			1.0	1.000000	1.0	1.0	1.0	1.614000	1.0
			1.0	1.000000	1.0	1.0	1.0	1.614000	1.0
			1.0	1.000000	1.0	1.0	1.0	1.614000	1.0
			1.0	1.000000	1.0	1.0	1.0	1.614000	1.0
			1.0	1.000000	1.0	1.0	1.0	1.614000	1.0
			1.0	1.000000	1.0	1.0	1.0	1.614000	1.0
			1.0	1.000000	1.0	1.0	1.0	1.614000	1.0
			1.0	1.000000	1.0	1.0	1.0	1.614000	1.0
			1.0	1.000000	1.0	1.0	1.0	1.614000	1.0
			1.0	1.000000	1.0	1.0	1.0	1.614000	1.0
			1.0	1.000000	1.0	1.0	1.0	1.614000	1.0
			1.0	1.000000	1.0	1.0	1.0	1.614000	1.0
			1.0	1.000000	1.0	1.0	1.0	1.614000	1.0
			1.0	1.000000	1.0	1.0	1.0	1.614000	1.0
			1.0	1.000000	1.0	1.0	1.0	1.000000	1.0
			1.0	1.000000	1.0	1.0	1.0	1.000000	1.0
			1.0	1.000000	1.0	1.0	1.0	1.000000	1.0
			1.0	1.000000	1.0	1.0	1.0	1.000000	1.0
			1.0	1.000000	1.0	1.0	1.0	1.000000	1.0
			1.0	1.000000	1.0	1.0	1.0	1.000000	1.0
			1.0	1.000000	1.0	1.0	1.0	1.000000	1.0
			1.0	1.000000	1.0	1.0	1.0	1.000000	1.0
			1.0	1.000000	1.0	1.0	1.0	1.000000	1.0
			1.0	1.000000	1.0	1.0	1.0	1.000000	1.0
			1.0	1.000000	1.0	1.0	1.0	1.000000	1.0
			1.0	1.000000	1.0	1.0	1.0	1.000000	1.0
			1.0	1.000000	1.0	1.0	1.0	1.000000	1.0
			1.0	1.000000	1.0	1.0	1.0	1.000000	1.0
			1.0	1.000000	1.0	1.0	1.0	1.000000	1.0
			1.0	1.000000	1.0	1.0	1.0	1.000000	1.0
			1.0	1.000000	1.0	1.0	1.0	1.000000	1.0
			1.0	1.000000	1.0	1.0	1.0	1.000000	1.0
			1.0	1.000000	1.0	1.0	1.0	1.000000	1.0
			1.0	1.000000	1.0	1.0	1.0	1.000000	1.0
			1.0	1.000000	1.0	1.0	1.0	1.000000	1.0
			1.0	1.000000	1.0	1.0	1.0	1.000000	1.0
			1.0	1.000000	1.0	1.0	1.0	1.000000	1.0
			1.0	1.000000	1.0	1.0	1.0	1.000000	1.0
			1.0	1.000000	1.0	1.0	1.0	1.000000	1.0
			1.0	1.000000	1.0	1.0	1.0	1.000000	1.0
			1.0	1.000000	1.0	1.0	1.0	1.000000	1.0
			1.0	1.000000	1.0	1.0	1.0	1.000000	1.0
			1.0	1.000000	1.0	1.0	1.0	1.000000	1.0
			1.0	1.000000	1.0	1.0	1.0	1.000000	1.0
			1.0	1.000000	1.0	1.0	1.0	1.000000	1.0
			1.0	1.000000	1.0	1.0	1.0	1.000000	1.0
			1.0	1.000000	1.0	1.0	1.0	1.000000	1.0
			1.0	1.000000	1.0	1.0	1.0	1.000000	1.0
			1.0	1.000000	1.0	1.0	1.0	1.000000	1.0
			1.0	1.000000	1.0	1.0	1.0	1.000000	1.0
			1.0	1.000000	1.0	1.0	1.0	1.000000	1.0
			1.0	1.000000	1.0	1.0	1.0	1.000000	1.0
			1.0	1.000000	1.0	1.0	1.0	1.000000	1.0
			1.0	1.000000	1.0	1.0	1.0	1.000000	1.0
			1.0	1.000000	1.0	1.0	1.0	1.000000	1.0
			1.0	1.000000	1.0	1.0	1.0	1.000000	1.0
			1.0	1.000000	1.0	1.0	1.0	1.000000	1.0
			1.0	1.000000	1.0	1.0	1.0	1.000000	1.0
			1.0	1.000000	1.0	1.0	1.0	1.000000	1.0
			1.0	1.000000	1.0	1.0	1.0	1.000000	1.0
			1.0	1.000000	1.0	1.0	1.0	1.000000	1.0
			1.0	1.000000	1.0	1.0	1.0	1.000000	1.0
			1.0	1.000000	1.0	1.0	1.0	1.000000	1.0
			1.0	1.000000	1.0	1.0	1.0	1.000000	1.0
			1.0	1.000000	1.0	1.0	1.0	1.000000	1.0
			1.0	1.000000	1.0	1.0	1.0	1.000000	1.0
			1.0	1.000000	1.0	1.0	1.0	1.000000	1.0
			1.0	1.000000	1.0	1.0	1.0	1.000000	1.0
			1.0	1.000000	1.0	1.0	1.0	1.000000	1.0
			1.0	1.000000	1.0	1.0	1.0	1.000000	1.0
			1.0	1.000000	1.0	1.0	1.0	1.000000	1.0
			1.0	1.000000	1.0	1.0	1.0	1.000000	1.0
			1.0	1.000000	1.0	1.0	1.0	1.000000	1.0
			1.0	1.000000	1.0	1.0	1.0	1.000000	1.0
			1.0	1.000000	1.0	1.0	1.0	1.000000	1.0
			1.0	1.000000	1.0	1.0	1.0	1.000000	1.0
			1.0	1.000000	1.0	1.0	1.0	1.000000	1.0
			1.0	1.000000	1.0	1.0	1.0	1.000000	1.0
C	60	7.0-9.0	1.0	1.000000	1.0	1.0	1.0	1.881000	1.0
			1.0	1.879000	1.0	1.0	1.0	1.881000	1.0
			1.0	1.018000	1.0	1.0	1.0	1.881000	1.0
			1.0	0.952000	1.0	1.0	1.0	1.881000	1.0
			1.0	1.000000	1.0	1.0	1.0	1.881000	1.0
			1.0	1.000000	1.0	1.0	1.0	1.881000	1.0
			1.0	1.000000	1.0	1.0	1.0	1.881000	1.0
			1.0	1.000000	1.0	1.0	1.0	1.881000	1.0
			1.0	1.000000	1.0	1.0	1.0	1.881000	1.0
			1.0	1.000000	1.0	1.0	1.0	1.881000	1.0
			1.0	1.000000	1.0	1.0	1.0	1.881000	1.0
			1.0	1.000000	1.0	1.0	1.0	1.881000	1.0
			1.0	1.000000	1.0	1.0	1.0	1.881000	1.0
			1.0	1.000000	1.0	1.0	1.0	1.881000	1.0
			1.0	1.000000	1.0	1.0	1.0	1.881000	1.0
			1.0	1.000000	1.0	1.0	1.0	1.881000	1.0
			1.0	1.000000	1.0	1.0	1.0	1.881000	1.0
			1.0	1.000000	1.0	1.0	1.0	1.881000	1.0
			1.0	1.000000	1.0	1.0	1.0	1.881000	1.0
			1.0	1.000000	1.0	1.0	1.0	1.881000	1.0
			1.0	1.000000	1.0	1.0	1.0	1.000000	1.0
			1.0	1.000000	1.0	1.0	1.0	1.000000	1.0
			1.0	1.000000	1.0	1.0	1.0	1.000000	1.0
			1.0	1.000000	1.0	1.0	1.0	1.000000	1.0
			1.0	1.000000	1.0	1.0	1.0	1.000000	1.0
			1.0	1.000000	1.0	1.0	1.0	1.000000	1.0
			1.0	1.000000	1.0	1.0	1.0	1.000000	1.0
			1.0	1.000000	1.0	1.0	1.0	1.000000	1.0
			1.0	1.000000	1.0	1.0	1.0	1.000000	1.0
			1.0	1.000000	1.0	1.0	1.0	1.000000	1.0
			1.0	1.000000	1.0	1.0	1.0	1.000000	1.0
			1.0	1.000000	1.0	1.0	1.0	1.000000	1.0
			1.0	1.000000	1.0	1.0	1.0	1.000000	1.0
			1.0	1.000000	1.0	1.0	1.0	1.000000	1.0
			1.0	1.000000	1.0	1.0	1.0	1.000000	1.0
			1.0	1.000000	1.0	1.0	1.0	1.000000	1.0
			1.0	1.000000	1.0	1.0	1.0	1.000000	1.0
			1.0	1.000000	1.0	1.0	1.0	1.000000	1.0
			1.0	1.000000	1.0	1.0	1.0	1.000000	1.0
			1.0	1.000000	1.0	1.0	1.0	1.000000	1.0
			1.0	1.000000	1.0	1.0	1.0	1.000000	1.0
			1.0	1.000000	1.0	1.0	1.0	1.000000	1.0
			1.0	1.000000	1.0	1.0	1.0	1.000000	1.0
			1.0	1.000000	1.0	1.0	1.0	1.000000	1.0
			1.0	1.000000	1.0	1.0	1.0	1.000000	1.0
			1.0	1.000000	1.0	1.0	1.0	1.000000	1.0
			1.0	1.000000	1.0	1.0	1.0	1.000000	1.0
			1.0	1.000000	1.0	1.0	1.0	1.000000	1.0
			1.0	1.000000	1.0	1.0	1.0	1.000000	1.0
			1.0	1.000000	1.0	1.0	1.0	1.000000	1.0
			1.0	1.000000	1.0	1.0	1.0	1.000000	1.0
			1.0	1.000000	1.0	1.0	1.0	1.000000	1.0
			1.0	1.000000	1.0	1.0	1.0	1.000000	1.0
			1.0	1.000000	1.0	1.0	1.0	1.000000	1.0
			1.0	1.000000	1.0	1.0	1.0	1.000000	1.0
			1.0	1.000000	1.0	1.0	1.0	1.000000	1.0
			1.0	1.000000	1.0	1.0	1.0	1.000000	1.0
			1.0	1.000000	1.0	1.0	1.0	1.000000	1.0
			1.0	1.000000	1.0	1.0	1.0	1.000000	1.0
			1.0	1.000000	1.0	1.0	1.0	1.000000	1.0
			1.0	1.000000	1.0	1.0	1.0	1.000000	1.0
			1.0	1.000000	1.0	1.0	1.0	1.000000	1.0
			1.0	1.000000	1.0	1.0	1.0	1.000000	1.0
			1.0	1.000000	1.0	1.0	1.0	1.000000	1.0
			1.0	1.000000	1.0	1.0	1.0	1.000000	1.0
			1.0	1.000000	1.0	1.0	1.0	1.000000	1.0
			1.0	1.000000	1.0	1.0	1.0	1.000000	1.0
			1.0	1.000000	1.0	1.0	1.0	1.000000	1.0
			1.0	1.000000	1.0	1.0	1.0	1.000000	1.0
			1.0	1.000000	1.0	1.0	1.0	1.000000	1.0
			1.0	1.000000	1.0	1.0	1.0	1.000000	1.0
			1.0	1.000000	1.0	1.0	1.0	1.000000	1.0
			1.0	1.000000	1.0	1.0	1.0	1.000000	1.0
			1.0	1.000000	1.0	1.0	1.0	1.000000	1.0
			1.0	1.000000	1.0	1.0	1.0	1.000000	1.0
			1.0	1.000000	1.0	1.0	1.0	1.000000	1.0
			1.0	1.000000	1.0	1.0	1.0	1.000000	1.0
			1.0	1.000000	1.0	1.0	1.0	1.000000	1.0
			1.0	1.000000	1.0	1.0	1.0	1.000000	1.0
			1.0	1.000000	1.0	1.0	1.0	1.000000	1.0
			1.0	1.000000	1.0	1.0	1.0	1.000000	1.0
			1.0	1.000000	1.0	1.0	1.0	1.000000	1.0
			1.0	1.000000	1.0	1.0	1.0	1.000000	1.0
			1.0	1.000000	1.0	1.0	1.0	1.000000	1.0
